{
 "cells": [
  {
   "cell_type": "code",
   "execution_count": 1,
   "id": "230149a0-bbe1-4019-a832-b0a29fa97664",
   "metadata": {},
   "outputs": [],
   "source": [
    "# LIBRARIES\n",
    "import numpy as np\n",
    "\n",
    "import sys\n",
    "sys.path.append('lib/')\n",
    "from pca import *"
   ]
  },
  {
   "cell_type": "code",
   "execution_count": 2,
   "id": "becbeb69-e380-459f-9e91-72ae2b8e68b5",
   "metadata": {},
   "outputs": [],
   "source": [
    "def practical_qr_algorithm(matrix,k_max,zero_cutoff):\n",
    "    m = matrix.shape[0]\n",
    "    A = np.ones((k_max,m,m),dtype=float)\n",
    "    A[0],Q_0 = fullHessenberg(matrix)\n",
    "    shift = np.ones(k_max)\n",
    "    eigenval=[]\n",
    "    eigenvect = Q_0\n",
    "    \n",
    "    print(matrix.round(5),eigenvect)\n",
    "    for k in range(1,k_max):\n",
    "        # print('k:',k)\n",
    "        shift[k] = A[k-1,m-1,m-1]\n",
    "        if m==1: \n",
    "            # print('last:',shift[k])\n",
    "            return([shift[k].round(8)],eigenvect)\n",
    "        Q,R = householder(A[k-1,:,:]-shift[k]*np.identity(m))\n",
    "        A[k,:,:] = np.matmul(R,Q)+shift[k]*np.identity(m)\n",
    "        eigenvect = np.matmul(eigenvect,Q)\n",
    "        # eigenvect = np.matmul(Q,eigenvect)\n",
    "        if not np.isnan(eigenvect).any():\n",
    "            print('eigenvect')\n",
    "            print(eigenvect)\n",
    "            # print(Q)\n",
    "        # print(A[k,:,:].round(5))\n",
    "        \n",
    "        \n",
    "        # for j in range(m-1):\n",
    "        #     # print('  j:',j,'val:',A[k,j,j+1])\n",
    "        #     if np.abs(A[k,j,j+1]) < zero_cutoff:\n",
    "        #         print('shift:',shift[k],',',A[k,j,j+1])\n",
    "        #         A[k,j,j+1]=0\n",
    "        #         A[k,j+1,j]=0\n",
    "        #         # print('shift:',shift[k],',',A[k,j,j+1])\n",
    "        #         # break\n",
    "        #         A_1 = A[k,:j+1,:j+1]\n",
    "        #         A_2 = A[k,j+1:,j+1:]\n",
    "        #         # eig=eig+[shift[k].round(8)]\n",
    "        #         if A_1.shape[0]>0: \n",
    "        #             e_temp = practical_qr_algorithm(A_1,k_max,zero_cutoff)[0]\n",
    "        #             # print('eig:',eig,'etemp:',e_temp)\n",
    "        #             if np.abs(e_temp)[0]>0:eigenval=eigenval+e_temp\n",
    "        #         if A_2.shape[0]>0: \n",
    "        #             e_temp = practical_qr_algorithm(A_2,k_max,zero_cutoff)[0]\n",
    "        #             # print('eig:',eig,'etemp:',e_temp)\n",
    "        #             if np.abs(e_temp)[0]>0:eigenval=eigenval+e_temp\n",
    "        #         # return(eig)\n",
    "\n",
    "    # print('not found')  \n",
    "    # return(shift[k])\n",
    "    # eigenvect = []\n",
    "    return(eigenval,eigenvect)\n",
    "\n",
    "# def getEigenvalues(matrix,j):\n",
    "#     A = matrix.copy().astype(float)\n",
    "    \n",
    "    \n",
    "#                 A[k,j,j+1]=0\n",
    "#                 A[k,j+1,j]=0\n",
    "#                 # print('shift:',shift[k],',',A[k,j,j+1])\n",
    "#                 # break\n",
    "                # A_1 = A[k,:j+1,:j+1]\n",
    "                # A_2 = A[k,j+1:,j+1:]\n",
    "#                 # eig=eig+[shift[k].round(8)]\n",
    "#                 if A_1.shape[0]>0: \n",
    "#                     e_temp = practical_qr_algorithm(A_1,k_max,zero_cutoff)[0]\n",
    "#                     # print('eig:',eig,'etemp:',e_temp)\n",
    "#                     if np.abs(e_temp)[0]>0:eigenval=eigenval+e_temp\n",
    "#                 if A_2.shape[0]>0: \n",
    "#                     e_temp = practical_qr_algorithm(A_2,k_max,zero_cutoff)[0]\n",
    "#                     # print('eig:',eig,'etemp:',e_temp)\n",
    "#                     if np.abs(e_temp)[0]>0:eigenval=eigenval+e_temp"
   ]
  },
  {
   "cell_type": "code",
   "execution_count": 47,
   "id": "a5de7de4-2c45-42ea-94fd-d6542a585db4",
   "metadata": {},
   "outputs": [],
   "source": [
    "def practical_qr_algorithm((matrix,k_max,zero_cutoff)):\n",
    "    A_0,Q_0 = fullHessenberg(matrix)\n",
    "\n",
    "def inner(matrix,k_max,zero_cutoff):\n",
    "    m = matrix.shape[0]\n",
    "    A = np.ones((k_max,m,m),dtype=float)\n",
    "    A[0],Q_0 = matrix\n",
    "    shift = np.ones(k_max)\n",
    "    eigenval=[]\n",
    "    eigenvect = Q_0\n",
    "    \n",
    "    print(matrix.round(5),eigenvect)\n",
    "    for k in range(1,k_max):\n",
    "        # print('k:',k)\n",
    "        shift[k] = A[k-1,m-1,m-1]\n",
    "        if m==1: \n",
    "            # print('last:',shift[k])\n",
    "            return([shift[k].round(8)],eigenvect)\n",
    "        Q,R = householder(A[k-1,:,:]-shift[k]*np.identity(m))\n",
    "        A[k,:,:] = np.matmul(R,Q)+shift[k]*np.identity(m)\n",
    "        eigenvect = np.matmul(eigenvect,Q)\n",
    "        # eigenvect = np.matmul(Q,eigenvect)\n",
    "        if not np.isnan(eigenvect).any():\n",
    "            print('eigenvect')\n",
    "            print(eigenvect)\n",
    "            # print(Q)\n",
    "        # print(A[k,:,:].round(5))\n",
    "        \n",
    "        \n",
    "        # for j in range(m-1):\n",
    "        #     # print('  j:',j,'val:',A[k,j,j+1])\n",
    "        #     if np.abs(A[k,j,j+1]) < zero_cutoff:\n",
    "        #         print('shift:',shift[k],',',A[k,j,j+1])\n",
    "        #         A[k,j,j+1]=0\n",
    "        #         A[k,j+1,j]=0\n",
    "        #         # print('shift:',shift[k],',',A[k,j,j+1])\n",
    "        #         # break\n",
    "        #         A_1 = A[k,:j+1,:j+1]\n",
    "        #         A_2 = A[k,j+1:,j+1:]\n",
    "        #         # eig=eig+[shift[k].round(8)]\n",
    "        #         if A_1.shape[0]>0: \n",
    "        #             e_temp = practical_qr_algorithm(A_1,k_max,zero_cutoff)[0]\n",
    "        #             # print('eig:',eig,'etemp:',e_temp)\n",
    "        #             if np.abs(e_temp)[0]>0:eigenval=eigenval+e_temp\n",
    "        #         if A_2.shape[0]>0: \n",
    "        #             e_temp = practical_qr_algorithm(A_2,k_max,zero_cutoff)[0]\n",
    "        #             # print('eig:',eig,'etemp:',e_temp)\n",
    "        #             if np.abs(e_temp)[0]>0:eigenval=eigenval+e_temp\n",
    "        #         # return(eig)\n",
    "\n",
    "    # print('not found')  \n",
    "    # return(shift[k])\n",
    "    # eigenvect = []\n",
    "    return(eigenval,eigenvect)\n"
   ]
  },
  {
   "cell_type": "code",
   "execution_count": 48,
   "id": "3872f091-cf10-4f5a-b560-4ddefa5b8ab6",
   "metadata": {},
   "outputs": [
    {
     "name": "stdout",
     "output_type": "stream",
     "text": [
      "[[1 2 3 4]\n",
      " [2 1 2 2]\n",
      " [3 2 1 3]\n",
      " [4 2 3 1]] [[ 1.          0.          0.          0.        ]\n",
      " [ 0.         -0.37139068 -0.69098016 -0.62017367]\n",
      " [ 0.         -0.55708601 -0.36852275  0.74420841]\n",
      " [ 0.         -0.74278135  0.62188214 -0.24806947]]\n",
      "eigenvect\n",
      "[[-0.39830857 -0.78034988 -0.29573678  0.38071525]\n",
      " [-0.34065865 -0.23731153  0.89808357 -0.14519235]\n",
      " [-0.51098797 -0.00491161 -0.32385078 -0.79623353]\n",
      " [-0.6813173   0.57854402 -0.03326143  0.44719933]]\n",
      "eigenvect\n",
      "[[ 0.56717998  0.72683116  0.18663955 -0.33939507]\n",
      " [ 0.3861233  -0.13695088 -0.90087848 -0.1434267 ]\n",
      " [ 0.49840667 -0.00548311  0.07697837  0.86350163]\n",
      " [ 0.52991175 -0.67300138  0.38426289 -0.34439035]]\n",
      "eigenvect\n",
      "[[-0.54529027 -0.66381309 -0.37429713  0.34915951]\n",
      " [-0.39002928 -0.12622607  0.90416026  0.1201597 ]\n",
      " [-0.49834898  0.01209135 -0.09882992 -0.86124023]\n",
      " [-0.54971262  0.73707053 -0.18063366  0.34916264]]\n",
      "eigenvect\n",
      "[[ 0.54763081  0.7381568   0.18252337 -0.3491565 ]\n",
      " [ 0.39047256 -0.12289488 -0.90442584 -0.12017459]\n",
      " [ 0.49830318  0.01323631  0.09889993  0.86124186]\n",
      " [ 0.54710659 -0.66320901  0.37271695 -0.34915651]]\n",
      "([], array([[nan, nan, nan, nan],\n",
      "       [nan, nan, nan, nan],\n",
      "       [nan, nan, nan, nan],\n",
      "       [nan, nan, nan, nan]]))\n",
      "\n",
      "\n",
      "NP Results\n",
      "[ 9.15812238 -3.         -0.4465865  -1.71153588]\n",
      "[[-5.47350895e-01 -7.07106781e-01 -2.80172685e-01 -3.49156504e-01]\n",
      " [-3.90530707e-01 -1.72945611e-16  9.12712351e-01 -1.20174586e-01]\n",
      " [-4.98296862e-01  2.92123039e-16 -9.98133120e-02  8.61241859e-01]\n",
      " [-5.47350895e-01  7.07106781e-01 -2.80172685e-01 -3.49156504e-01]]\n"
     ]
    }
   ],
   "source": [
    "A = np.array(\n",
    "    [[1,2,3,4],\n",
    "    [2,1,2,2],\n",
    "    [3,2,1,3],\n",
    "    [4,2,3,1]]\n",
    ")\n",
    "\n",
    "# A[0,0:A.shape[0]]\n",
    "print(practical_qr_algorithm(A,20,1e-5))\n",
    "print('\\n\\nNP Results')\n",
    "npr = np.linalg.eig(A)\n",
    "print(npr[0])\n",
    "print(npr[1])"
   ]
  },
  {
   "cell_type": "code",
   "execution_count": 34,
   "id": "156f7118-ba5c-450d-b632-2a318e7b3284",
   "metadata": {},
   "outputs": [
    {
     "name": "stdout",
     "output_type": "stream",
     "text": [
      "[[1 2 3 4]\n",
      " [2 1 2 2]\n",
      " [3 2 1 3]\n",
      " [4 2 3 1]] [[ 1.          0.          0.          0.        ]\n",
      " [ 0.         -0.37139068 -0.69098016 -0.62017367]\n",
      " [ 0.         -0.55708601 -0.36852275  0.74420841]\n",
      " [ 0.         -0.74278135  0.62188214 -0.24806947]]\n",
      "eigenvect\n",
      "[[-0.39830857  0.17177731  0.88495203  0.16941882]\n",
      " [ 0.91725148  0.07459282  0.38428282  0.07356867]\n",
      " [ 0.         -0.40349755  0.24698761 -0.88101467]\n",
      " [ 0.          0.89561052 -0.09046401 -0.43554342]]\n",
      "eigenvect\n",
      "[[ 0.58802149 -0.14339752 -0.79214776 -0.07854815]\n",
      " [-0.75590435 -0.1400585  -0.49569606 -0.40407629]\n",
      " [-0.28781824  0.07487366 -0.31652302  0.90075956]\n",
      " [ 0.         -0.97683914  0.16309669  0.13850908]]\n",
      "eigenvect\n",
      "[[-0.56377128  0.14652816  0.80860439  0.08276711]\n",
      " [ 0.82295889  0.10297658  0.54073943  0.14048262]\n",
      " [ 0.06961016 -0.13457484  0.17254265 -0.97327954]\n",
      " [ 0.00741921  0.97458449 -0.15488335 -0.16168231]]\n",
      "eigenvect\n",
      "[[ 0.5665005  -0.14604926 -0.80692416 -0.08136464]\n",
      " [-0.77192897 -0.13588496 -0.4772737  -0.39732953]\n",
      " [-0.28835363  0.10190997 -0.31159828  0.89965163]\n",
      " [-0.00741807 -0.97458671  0.15488619  0.16166629]]\n",
      "shift: -1.7115358725609622 , -1.3162095105215347e-09\n",
      "[[ 9.15812e+00 -4.55000e-03 -0.00000e+00]\n",
      " [-4.55000e-03 -2.95382e+00  3.40280e-01]\n",
      " [ 0.00000e+00  3.40280e-01 -4.92770e-01]] [[ 1.  0.  0.]\n",
      " [ 0. -1.  0.]\n",
      " [ 0.  0.  1.]]\n",
      "shift: -0.4466024667863122 , -4.878573388611645e-08\n",
      "[[ 9.15812e+00  3.10000e-04]\n",
      " [ 3.10000e-04 -3.00000e+00]] [[1. 0.]\n",
      " [0. 1.]]\n",
      "shift: -3.0 , -9.999999996728529e-09\n",
      "[[9.15812]] [[1.]]\n",
      "[[-3.]] [[1.]]\n",
      "[[-0.44659]] [[1.]]\n",
      "[[-1.71154]] [[1.]]\n",
      "eigenvect\n",
      "[[nan nan nan nan]\n",
      " [nan nan nan nan]\n",
      " [nan nan nan nan]\n",
      " [nan nan nan nan]]\n",
      "eigenvect\n",
      "[[nan nan nan nan]\n",
      " [nan nan nan nan]\n",
      " [nan nan nan nan]\n",
      " [nan nan nan nan]]\n",
      "eigenvect\n",
      "[[nan nan nan nan]\n",
      " [nan nan nan nan]\n",
      " [nan nan nan nan]\n",
      " [nan nan nan nan]]\n",
      "eigenvect\n",
      "[[nan nan nan nan]\n",
      " [nan nan nan nan]\n",
      " [nan nan nan nan]\n",
      " [nan nan nan nan]]\n",
      "eigenvect\n",
      "[[nan nan nan nan]\n",
      " [nan nan nan nan]\n",
      " [nan nan nan nan]\n",
      " [nan nan nan nan]]\n",
      "eigenvect\n",
      "[[nan nan nan nan]\n",
      " [nan nan nan nan]\n",
      " [nan nan nan nan]\n",
      " [nan nan nan nan]]\n",
      "eigenvect\n",
      "[[nan nan nan nan]\n",
      " [nan nan nan nan]\n",
      " [nan nan nan nan]\n",
      " [nan nan nan nan]]\n",
      "eigenvect\n",
      "[[nan nan nan nan]\n",
      " [nan nan nan nan]\n",
      " [nan nan nan nan]\n",
      " [nan nan nan nan]]\n",
      "eigenvect\n",
      "[[nan nan nan nan]\n",
      " [nan nan nan nan]\n",
      " [nan nan nan nan]\n",
      " [nan nan nan nan]]\n",
      "eigenvect\n",
      "[[nan nan nan nan]\n",
      " [nan nan nan nan]\n",
      " [nan nan nan nan]\n",
      " [nan nan nan nan]]\n",
      "eigenvect\n",
      "[[nan nan nan nan]\n",
      " [nan nan nan nan]\n",
      " [nan nan nan nan]\n",
      " [nan nan nan nan]]\n",
      "eigenvect\n",
      "[[nan nan nan nan]\n",
      " [nan nan nan nan]\n",
      " [nan nan nan nan]\n",
      " [nan nan nan nan]]\n",
      "eigenvect\n",
      "[[nan nan nan nan]\n",
      " [nan nan nan nan]\n",
      " [nan nan nan nan]\n",
      " [nan nan nan nan]]\n",
      "eigenvect\n",
      "[[nan nan nan nan]\n",
      " [nan nan nan nan]\n",
      " [nan nan nan nan]\n",
      " [nan nan nan nan]]\n",
      "eigenvect\n",
      "[[nan nan nan nan]\n",
      " [nan nan nan nan]\n",
      " [nan nan nan nan]\n",
      " [nan nan nan nan]]\n",
      "[9.15812236, -3.00000001, -0.44658651, -1.71153587]\n",
      "[[nan nan nan nan]\n",
      " [nan nan nan nan]\n",
      " [nan nan nan nan]\n",
      " [nan nan nan nan]]\n",
      "\n",
      "\n",
      "NP Results\n",
      "[ 9.15812238 -3.         -0.4465865  -1.71153588]\n",
      "[[-5.47350895e-01 -7.07106781e-01 -2.80172685e-01 -3.49156504e-01]\n",
      " [-3.90530707e-01 -1.72945611e-16  9.12712351e-01 -1.20174586e-01]\n",
      " [-4.98296862e-01  2.92123039e-16 -9.98133120e-02  8.61241859e-01]\n",
      " [-5.47350895e-01  7.07106781e-01 -2.80172685e-01 -3.49156504e-01]]\n"
     ]
    }
   ],
   "source": [
    "A = np.array(\n",
    "    [[1,2,3,4],\n",
    "    [2,1,2,2],\n",
    "    [3,2,1,3],\n",
    "    [4,2,3,1]]\n",
    ")\n",
    "\n",
    "# A[0,0:A.shape[0]]\n",
    "eigVals, eigVect = practical_qr_algorithm(A,20,1e-5)\n",
    "print(eigVals)\n",
    "print(eigVect)\n",
    "print('\\n\\nNP Results')\n",
    "npr = np.linalg.eig(A)\n",
    "print(npr[0])\n",
    "print(npr[1])\n",
    "\n",
    "# j=2\n",
    "# print(A[:j,:j])\n",
    "# print(A[j:,j:])"
   ]
  },
  {
   "cell_type": "code",
   "execution_count": null,
   "id": "3c79aa3e-b8ea-4b01-b721-1cecc6a3c888",
   "metadata": {},
   "outputs": [],
   "source": []
  },
  {
   "cell_type": "code",
   "execution_count": null,
   "id": "cb4d09b1-2c04-4463-a152-669ee5e9cce4",
   "metadata": {},
   "outputs": [],
   "source": []
  }
 ],
 "metadata": {
  "kernelspec": {
   "display_name": "Python 3 (ipykernel)",
   "language": "python",
   "name": "python3"
  },
  "language_info": {
   "codemirror_mode": {
    "name": "ipython",
    "version": 3
   },
   "file_extension": ".py",
   "mimetype": "text/x-python",
   "name": "python",
   "nbconvert_exporter": "python",
   "pygments_lexer": "ipython3",
   "version": "3.9.7"
  }
 },
 "nbformat": 4,
 "nbformat_minor": 5
}
